========================================
RESULTADOS DO SIMULATED ANNEALING
========================================

=== HISTÓRICO DE GERAÇÕES ===

GERAÇÃO: 1
(Cromossomo) 0 0 1 1 2 1 1 2 2 3 1 2 1 3 0 4 0 5 1 4 0 4 1 3 0 4 1 4 2 3 3 4 3 3 2 2 2 3 2 2 3 3 4 3 4 2 4 1 4 0 3 0 2 0 2 1 3 0 2 0 1 1 0 0 0 1 1 2 1 1 2 2 1 2 1 3 2 2 3 3 4 4 5 4 6 4 7 4 8 5 9 6 9 5 8 4 9 3 8 3 7 2 6 1 7 2 8 1 - Caminho: (0,0)-(1,1)-(2,1)-(1,2)-(2,3)-(1,2)-(1,3)-(0,4)-(0,5)-(1,4)-(0,4)-(1,3)-(0,4)-(1,4)-(2,3)-(3,4)-(3,3)-(2,2)-(2,3)-(2,2)-(3,3)-(4,3)-(4,2)-(4,1)-(4,0)-(3,0)-(2,0)-(2,1)-(3,0)-(2,0)-(1,1)-(0,0)-(0,1)-(1,2)-(1,1)-(2,2)-(1,2)-(1,3)-(2,2)-(3,3)-(4,4)-(5,4)-(6,4)-(7,4)-(8,5)-(9,6)-(9,5)-(8,4)-(9,3)-(8,3)-(7,2)-(6,1)-(7,2)-(8,1) - Aptidão: -210,0

GERAÇÃO: 2
(Cromossomo) 0 0 1 1 2 1 1 2 1 3 0 4 0 5 1 4 0 4 1 3 0 4 1 4 2 3 3 4 3 3 2 2 2 3 2 2 3 3 4 3 4 2 4 1 4 0 3 0 2 0 2 1 3 0 2 0 1 1 0 0 0 1 1 2 1 1 2 2 1 2 1 3 2 2 3 3 4 4 5 4 6 4 7 4 8 5 9 6 9 5 8 4 9 3 8 3 7 2 6 1 7 2 8 1 - Caminho: (0,0)-(1,1)-(2,1)-(1,2)-(1,3)-(0,4)-(0,5)-(1,4)-(0,4)-(1,3)-(0,4)-(1,4)-(2,3)-(3,4)-(3,3)-(2,2)-(2,3)-(2,2)-(3,3)-(4,3)-(4,2)-(4,1)-(4,0)-(3,0)-(2,0)-(2,1)-(3,0)-(2,0)-(1,1)-(0,0)-(0,1)-(1,2)-(1,1)-(2,2)-(1,2)-(1,3)-(2,2)-(3,3)-(4,4)-(5,4)-(6,4)-(7,4)-(8,5)-(9,6)-(9,5)-(8,4)-(9,3)-(8,3)-(7,2)-(6,1)-(7,2)-(8,1) - Aptidão: -188,0

GERAÇÃO: 23
(Cromossomo) 0 0 1 1 2 1 2 2 2 3 3 4 - Caminho: (0,0)-(1,1)-(2,1)-(2,2)-(2,3)-(3,4) - Aptidão: 6,0

GERAÇÃO: 41
(Cromossomo) 0 0 0 1 1 2 1 3 2 2 1 1 2 1 3 0 4 0 4 1 4 2 3 3 - Caminho: (0,0)-(0,1)-(1,2)-(1,3)-(2,2)-(1,1)-(2,1)-(3,0)-(4,0)-(4,1)-(4,2)-(3,3) - Aptidão: 12,0

GERAÇÃO: 77
(Cromossomo) 0 0 0 1 1 1 2 2 1 3 1 4 1 3 2 3 3 3 4 3 5 4 6 4 7 3 7 2 8 3 9 3 8 3 - Caminho: (0,0)-(0,1)-(1,1)-(2,2)-(1,3)-(1,4)-(1,3)-(2,3)-(3,3)-(4,3)-(5,4)-(6,4)-(7,3)-(7,2)-(8,3)-(9,3)-(8,3) - Aptidão: -7,0

GERAÇÃO: 78
(Cromossomo) 0 0 0 1 1 1 2 2 1 3 2 3 3 3 4 3 5 4 6 4 7 3 7 2 8 3 9 3 8 3 - Caminho: (0,0)-(0,1)-(1,1)-(2,2)-(1,3)-(2,3)-(3,3)-(4,3)-(5,4)-(6,4)-(7,3)-(7,2)-(8,3)-(9,3)-(8,3) - Aptidão: 3,0

GERAÇÃO: 203
(Cromossomo) 0 0 1 1 2 2 3 3 4 3 4 4 5 4 6 4 7 3 8 3 7 4 8 4 9 5 - Caminho: (0,0)-(1,1)-(2,2)-(3,3)-(4,3)-(4,4)-(5,4)-(6,4)-(7,3)-(8,3)-(7,4)-(8,4)-(9,5) - Aptidão: 13,0

GERAÇÃO: 206
SAÍDA ENCONTRADA
(Cromossomo) 0 0 1 1 2 2 3 3 4 3 4 4 5 4 6 4 7 3 8 3 7 4 8 4 9 5 8 4 9 5 8 6 9 7 - Caminho: (0,0)-(1,1)-(2,2)-(3,3)-(4,3)-(4,4)-(5,4)-(6,4)-(7,3)-(8,3)-(7,4)-(8,4)-(9,5)-(8,4)-(9,5)-(8,6)-(9,7) - Aptidão: 9993,0


========================================
CAMINHO ENCONTRADO PELO SIMULATED ANNEALING
========================================

Tamanho do caminho: 17 passos
Caminho completo (formato x y):
0 0 1 1 2 2 3 3 4 3 4 4 5 4 6 4 7 3 8 3 7 4 8 4 9 5 8 4 9 5 8 6 9 7

Caminho completo (formato coordenadas):
(0,0)-(1,1)-(2,2)-(3,3)-(4,3)-(4,4)-(5,4)-(6,4)-(7,3)-(8,3)-(7,4)-(8,4)-(9,5)-(8,4)-(9,5)-(8,6)-(9,7)

=== MAPA COM CAMINHO DO SA ===
E 0 1 1 0 0 0 0 0 1
1 $ 0 0 0 1 0 1 0 0
0 0 $ 0 1 1 0 0 1 1
0 1 1 $ 0 1 1 0 0 1
0 0 0 $ $ 1 1 0 1 1
1 1 1 1 $ 1 1 0 1 1
1 0 1 1 $ 1 1 0 0 0
0 0 0 $ $ 1 1 1 1 1
1 0 1 $ $ 0 $ 0 1 1
1 0 1 0 1 $ 0 S 0 0

========================================
CAMINHO OTIMIZADO PELO A*
========================================

Tamanho do caminho: 11 passos
Caminho completo (formato x y):
0 0 1 1 2 2 3 3 4 4 5 4 6 4 7 4 8 5 9 6 9 7

Caminho completo (formato coordenadas):
(0,0)-(1,1)-(2,2)-(3,3)-(4,4)-(5,4)-(6,4)-(7,4)-(8,5)-(9,6)-(9,7)

=== MAPA COM CAMINHO OTIMIZADO (A*) ===
E 0 1 1 0 0 0 0 0 1
1 * 0 0 0 1 0 1 0 0
0 0 * 0 1 1 0 0 1 1
0 1 1 * 0 1 1 0 0 1
0 0 0 0 * 1 1 0 1 1
1 1 1 1 * 1 1 0 1 1
1 0 1 1 * 1 1 0 0 0
0 0 0 0 * 1 1 1 1 1
1 0 1 0 0 * 0 0 1 1
1 0 1 0 1 0 * S 0 0

========================================
COMPARAÇÃO
========================================
Caminho SA: 17 passos
Caminho A*: 11 passos
Otimização: 6 passos reduzidos

========================================
Arquivo gerado com sucesso!
========================================
